              precision    recall  f1-score   support

           0     1.0000    1.0000    1.0000        36
           1     0.9167    0.9167    0.9167        36
           2     1.0000    1.0000    1.0000        35
           3     1.0000    0.9730    0.9863        37
           4     1.0000    1.0000    1.0000        36
           5     0.9737    1.0000    0.9867        37
           6     1.0000    1.0000    1.0000        36
           7     1.0000    1.0000    1.0000        36
           8     0.9143    0.9143    0.9143        35
           9     1.0000    1.0000    1.0000        36

    accuracy                         0.9806       360
   macro avg     0.9805    0.9804    0.9804       360
weighted avg     0.9806    0.9806    0.9806       360
